-1 -1
-1 -0.8
-1 -0.6
-1 -0.4
-1 -0.2
-1 5.55112e-17
-1 0.2
-1 0.4
-1 0.6
-1 0.8
-1 1
-0.8 -1
-0.8 -0.8
-0.8 -0.6
-0.8 -0.4
-0.8 -0.2
-0.8 5.55112e-17
-0.8 0.2
-0.8 0.4
-0.8 0.6
-0.8 0.8
-0.8 1
-0.6 -1
-0.6 -0.8
-0.6 -0.6
-0.6 -0.4
-0.6 -0.2
-0.6 5.55112e-17
-0.6 0.2
-0.6 0.4
-0.6 0.6
-0.6 0.8
-0.6 1
-0.4 -1
-0.4 -0.8
-0.4 -0.6
-0.4 -0.4
-0.4 -0.2
-0.4 5.55112e-17
-0.4 0.2
-0.4 0.4
-0.4 0.6
-0.4 0.8
-0.4 1
-0.2 -1
-0.2 -0.8
-0.2 -0.6
-0.2 -0.4
-0.2 -0.2
-0.2 5.55112e-17
-0.2 0.2
-0.2 0.4
-0.2 0.6
-0.2 0.8
-0.2 1
5.55112e-17 -1
5.55112e-17 -0.8
5.55112e-17 -0.6
5.55112e-17 -0.4
5.55112e-17 -0.2
5.55112e-17 5.55112e-17
5.55112e-17 0.2
5.55112e-17 0.4
5.55112e-17 0.6
5.55112e-17 0.8
5.55112e-17 1
0.2 -1
0.2 -0.8
0.2 -0.6
0.2 -0.4
0.2 -0.2
0.2 5.55112e-17
0.2 0.2
0.2 0.4
0.2 0.6
0.2 0.8
0.2 1
0.4 -1
0.4 -0.8
0.4 -0.6
0.4 -0.4
0.4 -0.2
0.4 5.55112e-17
0.4 0.2
0.4 0.4
0.4 0.6
0.4 0.8
0.4 1
0.6 -1
0.6 -0.8
0.6 -0.6
0.6 -0.4
0.6 -0.2
0.6 5.55112e-17
0.6 0.2
0.6 0.4
0.6 0.6
0.6 0.8
0.6 1
0.8 -1
0.8 -0.8
0.8 -0.6
0.8 -0.4
0.8 -0.2
0.8 5.55112e-17
0.8 0.2
0.8 0.4
0.8 0.6
0.8 0.8
0.8 1
1 -1
1 -0.8
1 -0.6
1 -0.4
1 -0.2
1 5.55112e-17
1 0.2
1 0.4
1 0.6
1 0.8
1 1
